index	IL1b	IL6	TNF	PIIINP	GDF15	TGF-b1	PICP	ST2
ho3384	0.01	4.23	54.34	6.12	8.44	201.4	852	49.7
nh2118	0	25.69	157.87	8.53	10.6	307	1021	45.8
ni0665	1	0	60.67	3.72	11.08	139.2	402	29.5
ni8189	0.01	0.01	25.08	11.6	5.28	198.9	992	77.4
nl7187	4.2	2.91	196.7	6.31	6.76	360.1	590	51
nn0966	0	18.75	189.37	3.46	4.96	308	971	41.4
no1740	981.4	4.05	38.36	18.45	9.24	897.2	780	45.8
nq3967	0	11.8	77.32	5.72	9.08	317.7	824	63.3
nq5400	0	26.35	135.39	6.37	10.28	333.1	909	96.5
nr5193	0	0	115.07	3.99	4	301.3	270	28.1
nt5910	0	17.95	126.36	2.39	2.32	362.7	296	194.3
nu0687	0	31.99	132.83	3.72	11.12	237.2	378	95.4
nu9969	0	40.48	147.14	2.79	5.04	209.9	900	26.4
nv7285	0	0	77.78	5.59	3.32	155.8	1002	59.1
nv8762	0	0	189.2	4.52	6.88	199.8	930	57.3
ob4811	0	31.86	117.21	4.45	15.32	278.2	790	75.3
ob4860	0	22.84	130.45	4.32	9.6	310.9	700	19.9
oc0909	0	0	108.8	4.06	21.8	341.6	971	24.8
oc9785	0	0	127.21	2.46	5.12	277.3	702	43.3
od3399	6.2	8.18	83.89	4.12	2.76	259.9	400	82.6
of7414	0	14.89	89.24	5.92	5.72	254.5	372	8
og2901	0	26.4	122.25	6.85	5.88	261.3	436	49.7
oh3122	0	20.74	156.68	3.06	7.6	144.5	560	3.7
oh7156	0	22.29	139.82	6.18	6.68	259.9	1092	0.4
oj7527	0	0	78.09	8.59	8.76	246	600	2.5
ok1999	0	16.85	244.38	9.56	7.36	247.3	984	1.4
ok6402	0	15.03	177.96	8.65	10.36	256.7	808	1.2
ol8811	0	12.58	143.22	3.59	1.88	224.1	868	5.1
om2144	0	23.23	138.45	8.23	7.88	318.2	912	14
om2763	0	0	0	0	0	0	0	0
om3324	0	0	195.16	9.68	4.52	286.6	336	60.5
om9255	0	0	87.56	6.49	6.12	204	296	42.6
om9313	0	0	106.66	5.52	2.12	217.6	304	21.2
on2945	31.2	0	93.83	8.47	4.44	314.3	420	22.6
on9775	0	13.29	137.26	5.85	3.16	332.6	336	99.2
oo5194	0	25.59	154.29	3.19	6.88	291.3	1012	8.6
oo9790	0	23.2	115.22	2.99	5.6	282.4	900	8.2
os0506	0.01	0.01	299.65	3.99	4.52	299.8	368	22.2
os8566	3.1	17.47	99.02	3.26	3.84	286.6	700	22.1
ot4853	13.5	0.01	211.34	8.29	7.32	320.7	1092	30.9
ou2004	0	0	0	0	0	0	0	0
ou9249	8.3	12.17	68.46	5.92	21.16	212.5	744	17.9
ox1581	0.01	2.16	67.39	8.95	21.8	206.9	600	44.2
ox6960	0.01	18.82	149.18	4.99	2.2	289.4	992	26.1
ox7729	0	0	0	0	0	0	0	0
oy8593	0.01	0.01	105.44	6.43	4.6	157.4	788	163.8
oz3346	0.01	0.01	24.16	8.47	6.6	172.8	640	43.5
oz6471	0.01	14.93	36.99	4.52	1.76	157.4	988	84.7
pa4637	0.01	4.6	56.84	11.12	16.92	261.3	940	40.5
pa6483	0.01	43.08	72.73	8.83	16.8	198.1	833	46.4
pb7910	0.01	0.01	16.77	5.78	9.96	135.4	690	82.8
pb9866	0	0	0	0	0	0	0	0
pd7678	0.01	3.35	19.66	5.25	3.36	215	875	84.5
ph1503	0.01	21.98	47.1	1.8	14.08	274.5	700	67.8
ph8318	0.01	2.57	25.08	3.06	7.8	159	640	73.8
pk4172	0.01	13.03	22.91	3.99	11.28	256.7	988	45.7
pk6045	0.01	0.01	40.96	2.86	6.68	87.2	1068	78.5
pk7308	0	7.31	178.47	11.3	6.56	215.9	980	43.7
wp3927	71.5	0.01	143.05	6.91	4.68	246.9	320	15.1
wq5251	0.01	29.5	216.11	1.33	8.04	216.3	1080	69.8
wr8031	0.01	21.56	113.69	6.43	1	174.4	1044	20.8
wt7239	0.01	26.41	162.13	1.6	3.52	229.3	1076	45.3
wt9623	9.4	27.35	239.27	8.11	4.28	223.2	808	59.1
wu1289	0.01	12.8	96.42	6.43	8.04	175.3	912	60.3
wu1636	0.01	1.91	115.53	6.31	7.76	258.1	1088	63.3
wu6007	0.01	24.47	60.81	3.72	6.76	179	620	15.1
wv0777	0	0	0	0	0	0	0	0
wv2773	0.01	0.01	29.77	8.41	21.88	276.8	1068	47.5
wv7822	0.01	0.01	15.69	3.39	0.52	271.3	448	50.1
wx2334	0.01	9.12	55.04	3.26	0.32	163.8	892	30.9
wy2804	0.01	56.77	46.01	4.92	11.2	195.6	1089	15.1
wz0104	0.01	9.48	58.65	8.47	0.88	169.1	400	53.7
xa2543	0.01	26.32	28.32	7.03	9.8	197.2	300	26.3
xa7120	0.01	26	195.11	13.83	0.08	231.9	940	50.3
xb2260	0.01	73.18	43.85	4.99	1.76	281	999	57.5
xb9489	0	0	0	0	0	0	0	0
xc8845	0.01	46.52	39.52	7.21	4.36	205.2	924	41.6
xg6068	1574.6	25.76	25.44	8.95	4.84	150.5	787	41
xk0827	0.01	3.74	44.93	5.59	5.24	288.5	1092	95.4
xk4530	0	43.85	248.13	3.39	16.04	252.7	999	124
xk7699	0	0	43.85	3.79	12.6	270.8	800	49.7
xl4463	0	11.05	72.89	6.31	9.12	286.6	1001	86.7
xl5106	0	0	62.33	3.13	14.32	166.7	400	126.8
xl7086	0	24.74	92.76	4.39	3.76	205.2	402	38.3
xm9487	0	14.35	52.51	7.27	9.68	275.9	560	203.2
xn1582	0	20.01	111.4	3.39	6.12	297.9	700	23.5
xo3595	0	0	93.98	6.43	5.44	294.1	880	14.6
xo3728	6.2	0.01	111.4	6.97	3.96	183.1	924	28.8
xo4734	0.01	0.01	17.86	3.86	3.08	151.7	1100	35.3
ye6753	0	0	0	0	0	0	0	0
