index	Propionic acid 	Hydroxide pyruvate 	Butyric acid 	Isobutyric acid 	Methylbutyric acid 	Isovalerianic acid 	Valeric acid 	TMAO
ho3384	3.76	0.47	6.96	0.57	0.3	0.22	0.79	617
nh2118	2.29	0.38	5.72	1.43	0.54	0.74	1.34	215
ni0665	0.78	0.76	0.93	0	0.35	0.6	0.19	262
ni8189	0.66	1.33	1.26	0.54	0.45	0.49	0.84	179
nl7187	0.24	0.62	0.63	0.33	0.24	0	0.69	367
nn0966	1.79	0.85	2.3	0.24	0.95	1.49	5.04	389
no1740	0.33	0.96	0.06	0.27	0.03	0	0.04	222
nq3967	4.69	1.42	3.22	1.46	0.27	0.68	0.9	292
nq5400	0.37	1.06	1.04	1.38	0.16	0.52	1.04	607
nr5193	4.94	1.18	2.67	9.83	1.06	1.72	0.52	184
nt5910	1.83	0.83	3.18	0.85	0.49	0.69	2.37	436
nu0687	0.28	0.69	0.39	0.6	0.15	0.3	0.15	489
nu9969	0.11	0.28	0.24	0.24	0.07	0.07	5.56	372
nv7285	0.44	0.28	0.59	0.28	0.14	0.15	6.34	186
nv8762	1.14	0.36	3.85	2.91	0.53	0.6	3.7	144
ob4811	128.48	26.67	381.19	0	30.72	38.47	83.68	143
ob4860	0.41	0.38	1.12	0.28	0.24	0.31	5.49	406
oc0909	0.04	0.26	0.21	0.05	0.12	0.17	0.08	166
oc9785	4.72	0.33	3.98	2.38	0.25	0.36	0.85	124
od3399	0.52	0.23	0.95	0.91	0.33	0.42	0.64	385
of7414	0	0	0	0	0	0	0	86
og2901	1.59	0.28	1.24	1.48	0.97	1.12	0.88	378
oh3122	0	0	0	0	0	0	0	316
oh7156	1.92	0.28	2.09	1.24	0.48	0.81	0.51	274
oj7527	0	0	0	0	0	0	0	273
ok1999	0	0	0	0	0	0	0	138
ok6402	3.04	0.29	3.69	1.11	0.08	0	0	493
ol8811	4.1	0.3	2.47	1.68	0.66	0.6	0.13	702
om2144	0.4	0.26	0.52	0.06	0.19	0.35	0.24	1224
om2763	0.09	0.34	0.76	0.22	0.27	0.44	0.58	0
om3324	0	0	0	0	0	0	0	217
om9255	0.27	1.09	0.23	0	0.02	0.09	0	425
om9313	7.68	1.43	10.67	7.53	0.5	0.54	0.12	122
on2945	0	0	0	0	0	0	0	338
on9775	0.65	0.67	2.81	2.83	0.25	0.16	0.17	254
oo5194	0	0	0	0	0	0	0	1426
oo9790	1.96	0.69	0.95	1.05	1.22	1.27	0.18	1853
os0506	0.78	0.3	0.94	0.36	0.15	0.27	0.68	486
os8566	0.45	0.31	0.64	0.26	0.14	0	0.77	568
ot4853	2.2	1.27	1.47	3.79	1.32	1.17	0.1	351
ou2004	0.3	0.29	0.99	0.28	0.23	0.28	0.68	0
ou9249	0.1	0.28	0.22	0.16	0.14	0.15	0.18	774
ox1581	0.35	0.37	0.9	0.21	0.2	0.27	0.28	407
ox6960	3.57	0.22	7.07	1.82	0.8	0.87	3.39	436
ox7729	1.21	1.4	1	0.53	0.13	0.12	0.37	0
oy8593	0.7	1.35	1.8	0.99	0.62	0.55	0.82	530
oz3346	0.12	1.15	0.33	0.38	0.09	0.07	0.11	328
oz6471	0.6	1.57	1.36	0.73	0.48	0.43	0.69	1019
pa4637	0.35	0.94	0.56	0.38	0.05	0.05	0.23	310
pa6483	0.65	1.44	1.11	0.68	0.11	0.25	3.48	496
pb7910	0.23	0.44	0.39	0.25	0.13	0.1	0.28	837
pb9866	0.38	1.02	1.27	0.41	0.45	0.41	0.64	0
pd7678	0.13	0.97	0.37	0.35	0.15	0.17	0.32	415
ph1503	5.78	1.99	6.84	12.19	1.35	0.4	0.62	215
ph8318	0.5	1.05	0.81	0.48	0.24	0.21	0.2	402
pk4172	0.25	0.92	0.24	0.35	0.07	0.04	0.07	1359
pk6045	0.05	1.28	0.11	0.41	0.03	0.07	0.17	418
pk7308	0	0	0	0	0	0	0	134
wp3927	0	0	0	0	0	0	0	504
wq5251	1.84	0.92	2.3	0	0.96	1.59	4.97	502
wr8031	0.68	1.39	0.7	0.84	0	0.48	0.75	342
wt7239	0.37	1.29	1.71	0.26	0	0.34	0.63	276
wt9623	0.32	1.51	0.6	0.76	0.35	0.56	0.67	690
wu1289	0.55	0.32	0.99	0.69	0.42	0.61	0.83	1884
wu1636	0	0	0	0	0	0	0	291
wu6007	0	0	0	0	0	0	0	456
wv0777	0.45	1.21	0.81	0.52	0.26	0.2	0.46	0
wv2773	0.09	0.63	0.26	0.28	0.15	0.1	0.32	551
wv7822	0.31	1.06	1.29	0.72	0.24	0.17	0.35	564
wx2334	0.68	0.41	2.26	0.25	0.11	0.15	0.51	296
wy2804	0.8	0.63	2.39	0.31	0.1	0.14	0.34	2931
wz0104	17.47	1.49	23.74	5.1	0.12	0.14	1.31	111
xa2543	1.46	1.02	1.66	0.74	0.03	0.07	0.45	221
xa7120	0.14	1.21	0.56	0.41	0.05	0.08	0.3	526
xb2260	0.26	0.35	0.91	0.24	0.16	0.18	0.34	496
xb9489	0.08	0.91	0.28	0.28	0.03	0.03	0.45	0
xc8845	5.24	1.25	2.64	10.33	1.12	1.67	0.45	399
xg6068	0.22	0.99	0.6	0.31	0.16	0.21	0.38	0
xk0827	0.03	0.69	0.23	0.1	0.02	0.02	0.1	0
xk4530	2.49	0.21	0.51	0.06	0	0.02	0	266
xk7699	0.13	0.24	0.21	0.24	0.04	0.05	3.64	371
xl4463	4.38	0.28	9.06	0.62	1.07	1.42	0.76	145
xl5106	3.88	0.35	7.34	0.4	1.02	0.99	1.04	247
xl7086	4.11	0.41	5.91	0.58	0.62	0.85	0.86	245
xm9487	5.73	0.11	14.59	0.45	1.31	1.75	12.8	129
xn1582	0	0	0	0	0	0	0	1907
xo3595	2.27	0.07	7.06	1.23	0.82	0.92	1.47	162
xo3728	4.3	0.96	3.21	0.21	0.22	0.22	0.84	320
xo4734	1.61	0.78	3.36	0.45	0.37	0.28	0.85	216
ye6753	0.84	0.63	1.51	0.3	0.02	0.03	0.37	0
