index	545-5p	222-3p	190a-3p	183-3p	221-3p	29c-3p	193b-3p	193b-5p	21-3p	1-3p	361-5p
ho3384	27.35549	29.69984	37.09355	34.32594	28.51328	36.28168	35.15092	26.79612	34.13983	17.53721	30.43478
nh2118	27.63497	29.98309	37.2944	34.88982	28.80878	36.76422	34.60849	27.00245	34.30922	17.97458	29.94891
ni0665	27.59188	29.74931	37.21653	34.51643	28.80779	35.57961	35.37012	27.02921	34.77378	17.76344	29.91306
ni8189	27.61789	29.8819	36.90233	34.19255	28.80633	35.85881	35.34016	26.98018	30.9577	17.84678	30.71796
nl7187	27.48353	29.79939	37.02658	34.64364	28.68199	36.34261	34.82843	26.96059	31.5428	17.72511	29.97292
nn0966	27.3855	29.61302	37.38062	34.12934	28.40997	35.55393	35.37487	26.86676	34.66956	17.53318	29.73509
no1740	27.45885	29.66019	37.14759	34.50087	28.41328	36.9939	34.889	26.91086	30.06065	17.55686	29.85145
nq3967	27.3424	29.50364	36.39782	34.73148	28.38819	36.02671	34.50916	26.89469	34.2211	17.5515	29.94298
nq5400	27.41422	29.67153	37.23072	34.73942	28.41493	36.29982	34.17724	26.87439	34.1447	17.56734	30.0015
nr5193	27.37782	29.70601	35.99747	34.816	28.52163	36.36282	34.29634	26.91088	34.55186	17.60885	29.84693
nt5910	27.74511	30.06268	36.03383	34.6178	28.96541	36.08128	35.37132	27.22489	31.10514	17.92887	30.24628
nu0687	27.39172	29.87103	37.25358	34.60283	28.75118	36.4516	35.29949	26.9491	33.53155	17.56194	29.96192
nu9969	27.41825	29.74944	36.07838	34.34739	28.60426	35.81352	34.42527	26.91241	30.0405	17.57432	30.02267
nv7285	27.39871	29.72395	36.42344	34.40094	28.63707	36.00591	34.52111	27.10374	34.66307	17.63673	29.64349
nv8762	27.43184	29.70576	36.26877	34.21082	28.60966	36.51107	34.19164	26.83113	34.62141	17.58666	29.91744
ob4811	27.62758	29.82917	37.19194	34.61867	28.96266	36.64499	34.86811	27.11838	34.69987	17.9237	30.3321
ob4860	27.52758	29.71725	36.54945	34.25328	28.77126	36.2705	34.60572	26.96587	32.34648	17.73556	30.04219
oc0909	27.45872	29.72008	36.78538	34.51129	28.72067	35.73684	34.07644	26.97207	34.60152	17.68288	30.1282
oc9785	27.38993	29.53957	36.86607	34.11404	28.58849	36.13633	34.24665	26.93133	34.42844	17.49708	29.90353
od3399	27.37346	29.60448	36.49934	34.26382	28.45472	35.49816	34.18219	26.89902	32.37334	17.60138	30.11276
of7414	27.45632	29.68973	36.51202	34.2863	28.67321	35.59357	35.27772	26.7954	34.66344	17.56553	29.99804
og2901	27.37082	29.60676	35.78458	34.55249	28.55827	36.6502	34.30112	26.84709	30.60609	17.52771	30.15887
oh3122	27.47421	29.59435	36.67677	34.323	28.5929	35.96152	35.03465	26.82731	32.00497	17.6287	30.03323
oh7156	27.43158	29.78403	36.36618	34.28846	28.55123	35.83315	34.43421	26.86318	34.4444	17.61428	29.99594
oj7527	27.71575	29.87794	37.30258	34.48061	28.81322	36.31068	35.28151	27.03001	34.92118	17.84524	30.2923
ok1999	27.70859	30.05853	37.51109	34.19378	28.83114	36.29989	34.69899	27.83739	31.47988	17.84981	30.22855
ok6402	27.52975	29.72302	36.87897	34.41724	28.71321	36.92804	34.56598	27.10415	34.74207	17.66531	30.19219
ol8811	27.58785	29.81292	37.52335	34.63171	28.76798	36.36651	34.83565	27.04949	34.90235	17.78735	30.21268
om2144	27.52139	29.72007	38.61055	34.46844	28.72098	35.6483	35.01687	27.07384	34.16797	17.58151	30.25452
om2763	27.44642	29.72627	37.04548	33.97883	28.54552	36.36621	34.82682	26.96003	34.39097	17.61688	30.25555
om3324	27.43638	29.77353	37.24475	34.40277	28.64291	36.64393	34.63651	26.98033	34.55605	17.56685	30.19207
om9255	27.51968	29.81984	37.5026	34.54043	28.8149	36.66366	34.84159	26.75204	34.2571	17.60093	30.19622
om9313	27.37169	29.66657	37.19153	34.07685	28.65217	36.62968	35.03505	26.73813	34.11784	17.53992	30.14835
on2945	27.38571	29.69109	37.23299	34.18266	28.62007	36.31182	34.12677	26.84362	34.90745	17.59986	30.40429
on9775	27.58636	29.67201	37.34172	34.27822	28.76889	37.45878	34.59552	26.99259	33.79358	17.82318	30.53739
oo5194	27.55266	29.70627	36.52348	34.26649	28.79504	35.31219	34.56564	26.93518	33.56005	17.74778	30.16534
oo9790	27.54774	29.69368	36.89571	34.5215	28.64524	36.5928	34.72988	26.82494	33.76381	17.63191	30.33943
os0506	27.49159	29.88545	36.54995	34.25516	28.60449	35.34925	35.18719	26.79542	33.56035	17.57483	30.78722
os8566	27.48721	29.81404	36.34959	34.42643	28.57613	36.15428	34.55775	26.82861	34.42907	17.58193	30.21815
ot4853	27.4298	29.70886	36.94758	33.18666	28.75829	36.27485	34.08525	26.93398	32.76147	17.60494	30.32202
ou2004	27.48715	29.71378	36.96792	33.0344	28.81972	36.52161	35.0542	26.96101	32.40576	17.58315	30.33252
ou9249	27.57188	29.90016	37.92031	33.42807	28.90721	36.12327	34.72717	26.98461	34.51298	17.7033	30.36415
ox1581	27.49334	29.78321	36.48986	34.47284	28.86379	36.64082	34.47992	27.9536	34.83943	17.72215	30.54921
ox6960	27.81937	29.88156	38.01235	34.39801	28.67669	35.9027	35.25825	26.8872	34.55465	17.70125	30.44539
ox7729	27.49561	29.75609	37.3487	34.29451	28.67366	37.22001	34.82608	26.96392	33.94263	17.64992	30.43407
oy8593	27.46383	29.79756	38.65924	34.60514	28.5838	36.97555	35.19512	26.96378	34.28555	17.62505	30.45631
oz3346	27.34795	29.64321	36.83673	34.07903	28.61984	36.15425	35.66455	26.69973	34.69462	17.51932	30.3702
oz6471	27.52008	29.749	37.59098	34.87405	28.70113	36.29242	34.56442	26.87829	34.09472	17.71306	30.49051
pa4637	27.6022	29.59805	37.5796	34.39627	28.90461	36.6459	34.59906	27.09754	34.26803	17.99018	30.29627
pa6483	27.56551	29.57404	36.89602	34.2087	28.71298	38.38332	34.61572	27.02915	32.47821	17.60092	30.27247
pb7910	27.61204	29.63148	37.10437	34.33299	28.70831	35.45685	34.47993	27.23514	34.48659	17.63027	30.31201
pb9866	27.41999	29.6962	36.99345	34.37464	28.59351	36.44061	34.91838	26.8627	33.31299	17.52895	30.45412
pd7678	27.6499	30.01277	37.11599	34.26	28.64208	36.68817	34.9969	26.92843	34.04405	17.71157	30.64492
ph1503	27.43621	29.71596	36.92642	33.96626	28.70913	35.86203	34.67638	26.84468	33.28223	17.56002	30.14892
ph8318	27.44846	29.80258	36.48028	34.06589	28.55302	36.14028	34.65478	26.86353	33.11116	17.56124	30.35547
pk4172	27.4422	30.02836	37.00347	34.43333	28.64899	37.21908	34.56454	27.14111	33.6647	17.57984	30.28673
pk6045	27.40993	29.63424	37.10731	34.20659	28.69895	35.84893	34.94807	26.92805	33.69834	17.75631	30.45782
pk7308	27.40088	29.77178	36.36617	33.94397	28.53241	36.55109	34.70683	26.82574	34.51471	17.48716	30.03419
wp3927	27.35147	29.7747	37.05416	34.16551	28.60589	35.65545	35.01619	26.91347	33.31403	17.56514	29.89677
wq5251	27.66367	29.91342	36.80101	34.55116	28.73646	36.49171	35.20129	26.9452	34.95353	17.7874	30.30443
wr8031	27.39439	29.64516	36.52889	33.12037	28.82975	35.97835	34.77691	26.8923	34.8531	17.63199	30.38708
wt7239	27.36172	29.58643	37.18243	32.99133	28.77122	36.84004	34.54305	26.83651	34.52179	17.87103	30.28007
wt9623	27.41223	29.74416	36.72503	33.1752	28.81868	36.31228	34.92936	27.06838	32.16697	17.53295	30.15095
wu1289	27.48394	29.77777	37.27306	34.64212	28.69834	37.40559	35.48318	26.97446	34.67403	17.61782	30.39627
wu1636	27.2682	29.6529	36.5664	34.26247	28.58	37.0454	35.03903	26.94881	34.38982	17.52585	30.16463
wu6007	27.40949	29.82551	36.71253	34.22911	28.53463	36.2753	35.3032	26.77114	31.17301	17.58612	30.4231
wv0777	27.43351	29.77958	36.96748	34.38827	28.68856	35.69796	34.15841	26.87088	34.10183	17.60303	30.41706
wv2773	27.56067	29.91466	37.96498	34.23043	28.835	36.33624	34.4304	26.79485	34.55303	17.75305	30.85679
wv7822	27.59534	29.92092	37.3032	34.41266	28.88425	37.3871	34.93048	27.20194	34.02087	17.90467	30.11535
wx2334	27.62013	29.97148	36.87123	34.22221	28.79165	36.9897	34.99612	27.03891	32.87714	17.81111	30.79953
wy2804	27.44214	29.95227	36.40483	34.26808	28.50844	36.19828	35.42652	26.89171	34.43776	17.5521	30.57162
wz0104	27.38163	29.64465	37.09825	34.02897	28.49215	35.93	35.03978	27.06248	33.27958	17.56096	30.60995
xa2543	27.49168	29.62752	37.67192	34.59154	28.72407	35.96775	35.80983	26.70662	32.40845	17.67851	31.07631
xa7120	27.44641	29.80792	36.74909	34.61674	28.50443	36.26565	33.86858	26.806	34.43963	17.60463	30.64443
xb2260	27.94331	29.93662	36.56388	34.36883	28.68298	38.63564	34.47725	26.98023	34.80628	17.74644	30.74598
xb9489	27.57354	29.92561	37.05492	34.23604	28.76037	37.79369	34.94621	27.00571	29.96542	17.78756	30.82461
xc8845	27.43282	29.7807	36.81722	34.46291	28.55931	35.95404	35.15769	26.90022	31.42691	17.56181	30.73485
xg6068	27.48178	29.78542	36.71731	34.53212	28.8654	34.81948	34.56741	26.99608	29.3913	17.79075	30.95099
xk0827	27.38981	29.78234	36.4821	33.91072	28.44855	36.59733	34.89709	26.98538	33.72093	17.62219	30.76633
xk4530	27.50041	29.73589	37.47966	34.36774	28.62924	36.27614	35.00956	26.80048	34.86145	17.64679	29.89985
xk7699	27.41964	29.78544	36.42193	34.37313	28.50385	35.74306	34.70621	26.81251	31.25364	17.56939	29.92708
xl4463	27.41099	29.65841	37.34921	34.19221	28.59544	35.73439	34.62116	26.87778	34.96563	17.49966	29.93409
xl5106	27.31007	29.50335	36.67247	34.37765	28.59407	35.96916	34.2364	26.83671	34.19942	17.54931	29.97187
xl7086	27.50458	29.99443	36.7012	34.42556	28.61981	36.18445	34.02481	26.88754	32.43151	17.68933	29.95911
xm9487	27.55776	29.69686	37.1486	34.34954	28.65614	36.75607	34.13169	26.99306	34.45699	17.74262	30.02848
xn1582	27.47207	29.73369	36.95927	34.21376	28.80364	35.98739	34.5719	26.9022	33.27143	17.70212	30.13306
xo3595	27.40352	30.03392	36.79369	34.22027	28.54156	37.16229	35.00028	26.74865	33.70026	17.6735	30.50188
xo3728	27.42961	29.74934	37.5994	33.24352	28.70234	35.96488	34.28593	27.00539	34.79655	17.62232	30.41107
xo4734	27.39723	29.83456	36.92247	34.15739	28.69677	35.65194	34.7116	26.95986	33.26483	17.63522	30.23103
ye6753	27.59808	30.04865	36.4314	34.44206	28.855	35.81728	34.74987	27.08001	32.95948	17.80923	30.94039
